0.000000 -18.785475
1.000000 -18.785475
2.000000 -18.785475
3.000000 -18.785475
4.000000 -18.785475
5.000000 -18.785475
6.000000 -18.785475
7.000000 -18.785475
8.000000 -18.785475
9.000000 -18.785475
10.000000 13.966379
11.000000 54.747253
12.000000 95.528091
13.000000 136.308929
14.000000 177.089813
15.000000 217.870621
16.000000 258.651520
17.000000 299.432404
18.000000 340.213196
19.000000 380.994080
20.000000 421.774872
21.000000 462.555756
22.000000 503.336609
23.000000 544.117432
24.000000 584.898315
25.000000 625.679199
26.000000 675.675842
27.000000 732.001404
28.000000 788.327026
29.000000 844.652588
30.000000 900.978210
31.000000 957.303894
32.000000 1019.143005
33.000000 1088.234619
34.000000 1157.326294
35.000000 1226.417725
36.000000 1295.509399
37.000000 1364.600830
38.000000 1443.045166
39.000000 1522.982178
40.000000 1602.919434
41.000000 1682.856567
42.000000 1762.793701
43.000000 1847.456543
44.000000 1936.897827
45.000000 2026.339355
46.000000 2115.781006
47.000000 2206.252197
48.000000 2304.361816
49.000000 2402.471436
50.000000 2500.581299
51.000000 2598.690674
52.000000 2703.464355
53.000000 2809.547363
54.000000 2915.629883
55.000000 3021.712891
56.000000 3131.801270
57.000000 3245.728027
58.000000 3359.654541
59.000000 3473.581299
60.000000 3587.508545
61.000000 3703.743652
62.000000 3824.629395
63.000000 3945.516113
64.000000 4066.402344
65.000000 4187.287598
66.000000 4309.270996
67.000000 4436.554688
68.000000 4563.838379
69.000000 4691.122070
70.000000 4818.406738
71.000000 4945.690430
72.000000 5072.973633
73.000000 5205.822266
74.000000 5338.939453
75.000000 5472.055176
76.000000 5605.172363
77.000000 5738.289062
78.000000 5871.404785
79.000000 6004.894531
80.000000 6143.321777
81.000000 6281.749023
82.000000 6420.176758
83.000000 6558.604492
84.000000 6697.030273
85.000000 6835.638184
86.000000 6978.957031
87.000000 7122.277832
88.000000 7265.597168
89.000000 7408.916992
90.000000 7552.237305
91.000000 7695.556641
92.000000 7842.096680
93.000000 8001.422363
94.000000 8228.383789
95.000000 8473.916992
96.000000 8719.449219
97.000000 8964.980469
98.000000 9210.515625
99.000000 9456.047852
100.000000 9701.582031
101.000000 9947.113281
102.000000 10192.648438
103.000000 10438.181641
104.000000 10683.715820
105.000000 10929.247070
106.000000 11174.781250
107.000000 11420.314453
108.000000 11665.845703
109.000000 11911.379883
110.000000 12156.913086
111.000000 12402.448242
112.000000 12647.980469
113.000000 12893.511719
114.000000 13139.047852
115.000000 13384.577148
116.000000 13630.112305
117.000000 13875.647461
118.000000 14121.179688
119.000000 14366.711914
120.000000 14612.241211
121.000000 14857.780273
122.000000 15103.310547
123.000000 15348.844727
124.000000 15594.377930
125.000000 15839.908203
126.000000 16085.445312
127.000000 16330.974609
128.000000 16576.509766
129.000000 16822.041016
130.000000 17067.578125
131.000000 17313.107422
132.000000 17558.642578
133.000000 17804.173828
134.000000 18049.708984
135.000000 18295.242188
136.000000 18540.771484
137.000000 18786.310547
138.000000 19031.843750
139.000000 19277.373047
140.000000 19522.906250
141.000000 19768.443359
142.000000 20013.972656
143.000000 20259.505859
144.000000 20505.037109
145.000000 20750.572266
146.000000 20996.109375
147.000000 21241.644531
148.000000 21487.177734
149.000000 21732.707031
